Config: 6 and True and 1000000
Result: (0.2832038, 0.96523374, 0.04195804195804196)
0.010802664028273687