Config: 1 and True and 1000000
Result: (0.6741421, 1.2943708, 0.000399)
0.8027046511570612