Config: 7 and True and 1000000
Result: (0.2095491, 0.89123386, 0.07142857142857142)
0.009646216498480903