Config: 8 and True and 1000000
Result: (-0.010654271, -0.033460807, 0.5248640248640248)
0.014453880455758837