Config: 9 and True and 1000000
Result: (0.24794242, 1.1094794, 0.032467532467532464)
0.009623183078236052