Config: 2 and True and 1000000
Result: (0.29621783, 0.62146425, 0.07925781648691865)
0.5301257175207138