Config: 1 and True and 1000000
Result: (0.7816211, 1.4688183, 3.1e-05)
0.27394838054974874