Config: 7 and True and 100000
Result: (0.3174634, 1.2688255, 0.007575757575757576)
0.013878390192985535