Config: 8 and True and 100000
Result: (-0.03450091, -0.14154133, 0.5988344988344988)
0.01674411945872837