Config: 8 and True and 1000000
Result: (-0.010654464, -0.033461407, 0.5248640248640248)
0.0045409948296017116