Config: 9 and True and 1000000
Result: (0.41110134, 1.3629993, 0.01406926406926407)
0.002948999007542928