Config: 6 and True and 1000000
Result: (0.24537405, 0.89571583, 0.05419580419580419)
0.0032689954174889456