Config: 7 and True and 1000000
Result: (0.13260576, 0.56490064, 0.18181818181818182)
0.002956428395377265