Config: 2 and True and 1000000
Result: (0.20473939, 0.44334257, 0.1598524024994613)
0.1765526325835122