Config: 7 and True and 100000
Result: (0.17136809, 0.6262888, 0.15043290043290045)
0.006792779697312249