Config: 7 and True and 100000
Result: (0.24483249, 0.9274509, 0.06385281385281386)
0.007094528741306729