Config: 7 and True and 100000
Result: (0.19288373, 0.6951717, 0.12987012987012986)
0.006674246191978455