Config: 8 and True and 100000
Result: (-0.08414678, -0.27132076, 0.6962703962703962)
0.010538637704319424