Config: 8 and True and 100000
Result: (-0.08414677, -0.2713207, 0.6962703962703962)
0.010603721406724718