Config: 7 and True and 100000
Result: (0.19600412, 0.7040103, 0.12337662337662338)
0.006829132768842909