Config: 8 and True and 100000
Result: (-0.08414675, -0.27132064, 0.6962703962703962)
0.010076731443405151