Config: 7 and True and 100000
Result: (0.16770506, 0.61586595, 0.15584415584415584)
0.006915012862947252