Config: 7 and True and 100000
Result: (0.19915685, 0.84227175, 0.08658008658008658)
0.006728594700495402