Config: 8 and True and 100000
Result: (-0.08414677, -0.27132073, 0.6962703962703962)
0.010022408101293777