Config: 7 and True and 100000
Result: (0.24845399, 0.9377296, 0.05735930735930736)
0.0067988148000505235