Config: 8 and True and 100000
Result: (-0.08414671, -0.27132055, 0.6962703962703962)
0.010020184715588886