Config: 7 and True and 1000000
Result: (0.23615794, 0.8821557, 0.07467532467532467)
0.0030366459820005626