Config: 6 and True and 1000000
Result: (0.29923457, 1.0743301, 0.024766899766899768)
0.003172896835539076