Config: 1 and True and 1000000
Result: (2.0506344, 1.5453973, 2.3e-05)
0.27148419929875267