Config: 9 and True and 1000000
Result: (0.29888344, 1.4576864, 0.004329004329004329)
0.0029406931002934774