Config: 2 and True and 1000000
Result: (12.086369, 1.9529943, 0.0)
0.17374235451221465