Config: 7 and True and 1000000
Result: (0.5365436, 1.448697, 0.004329004329004329)
0.0028656160169177585