Config: 1 and True and 1000000
Result: (0.6767609, 1.3372266, 0.000277)
0.26212062153551313