Config: 8 and True and 1000000
Result: (-0.01769355, -0.05762636, 0.5423465423465423)
0.004388791388935513