Config: 6 and True and 1000000
Result: (0.31576967, 1.0916723, 0.02301864801864802)
0.003154979083273146