Config: 8 and True and 1000000
Result: (-0.6684609, -1.5556818, 0.9991452991452991)
0.004452111787266202