Config: 2 and True and 1000000
Result: (0.18562204, 0.4128354, 0.1775366016852085)
0.17531125538878972