Config: 6 and True and 1000000
Result: (0.351118, 1.1782721, 0.015151515151515152)
0.003397284083896213