Config: 7 and True and 1000000
Result: (0.20744032, 0.81893724, 0.09415584415584416)
0.002866663071844313