Config: 6 and True and 1000000
Result: (0.34707567, 1.1248153, 0.019522144522144524)
0.003199177516831292