Config: 9 and True and 1000000
Result: (0.29671904, 1.2121496, 0.01948051948051948)
0.0028544417354795667