Config: 9 and True and 1000000
Result: (-2.668891, -1.9465666, 0.9989177489177489)
0.002928419709205627