Config: 7 and True and 1000000
Result: (0.1552927, 0.5664129, 0.18073593073593072)
0.002943137420548333