Config: 1 and True and 1000000
Result: (14.738983, 1.9979097, 0.0)
0.2631057859129376