Config: 1 and True and 1000000
Result: (0.73077947, 1.3796464, 0.000183)
0.27013070080015394