Config: 1 and True and 1000000
Result: (-12.20453, -1.9984695, 1.0)
0.2739944460656908