Config: 2 and True and 1000000
Result: (0.19585833, 0.46253353, 0.1505644768028669)
0.17564358558919696