Config: 9 and True and 1000000
Result: (0.11506909, 0.6754165, 0.13744588744588745)
0.002867166598637899