Config: 8 and True and 1000000
Result: (-0.017693087, -0.05762482, 0.5423465423465423)
0.004515136811468336