Config: 2 and True and 1000000
Result: (0.1454462, 0.34684023, 0.22074416811258918)
0.17908670239978366