Config: 1 and True and 1000000
Result: (0.6945155, 1.3395858, 0.000246)
0.27074074506759643