Config: 2 and True and 1000000
Result: (0.28492233, 0.6696756, 0.06412949795302736)
0.19009472575452593