Config: 8 and True and 1000000
Result: (-1.4095769, -1.7605857, 0.9998445998445998)
0.0043948080804612905