Config: 2 and True and 1000000
Result: (0.085034475, 0.20702066, 0.32403973735243086)
0.1751554529534446