Config: 1 and True and 1000000
Result: (0.7105667, 1.3487334, 0.000238)
0.26840965323978