Config: 7 and True and 1000000
Result: (0.25268778, 0.9317089, 0.0670995670995671)
0.002862185968293084