Config: 6 and True and 1000000
Result: (0.31765658, 1.1184918, 0.02156177156177156)
0.0031491448481877644