Config: 6 and True and 1000000
Result: (0.26545918, 1.0183079, 0.03292540792540793)
0.003223106265068054