Config: 9 and True and 1000000
Result: (0.4869925, 1.6174197, 0.0010822510822510823)
0.002849880192014906