Config: 2 and True and 1000000
Result: (-11.469503, -1.9973453, 0.999998582428923)
0.18044879953066506