Config: 8 and True and 1000000
Result: (-0.017693639, -0.05762666, 0.5423465423465423)
0.00458239131503635