Config: 2 and True and 1000000
Result: (0.07885748, 0.18147461, 0.3438375350140056)
0.17280733797285291