Config: 9 and True and 1000000
Result: (0.26822966, 1.3477159, 0.006493506493506494)
0.002896184126536051