Config: 6 and True and 1000000
Result: (0.40882367, 1.4125723, 0.003205128205128205)
0.003185508449872335