Config: 7 and True and 1000000
Result: (1.9664114, 1.9555962, 0.0)
0.0028592349423302546