Config: 1 and True and 1000000
Result: (0.7265263, 1.4149574, 0.000102)
0.26966618246502344