Config: 6 and True and 1000000
Result: (0.2757577, 1.0301259, 0.030885780885780884)
0.0033110460307863025