Config: 9 and True and 1000000
Result: (0.1714848, 1.1668068, 0.023809523809523808)
0.0028595558140012954