Config: 1 and True and 1000000
Result: (0.425971, 0.5766958, 0.085719)
0.26560272256533307