Config: 8 and True and 1000000
Result: (-1.5469524, -1.7946888, 0.9998445998445998)
0.004400397208001878