Config: 6 and True and 1000000
Result: (0.32732505, 1.1701627, 0.01486013986013986)
0.0032172578573226927