Config: 9 and True and 1000000
Result: (0.36770153, 1.4140648, 0.005411255411255411)
0.003017151090833876