Config: 9 and True and 1000000
Result: (0.29671916, 1.2121497, 0.01948051948051948)
0.0028513295782936947