Config: 1 and True and 1000000
Result: (0.6978338, 1.3442643, 0.000225)
0.26157713413238526