Config: 8 and True and 1000000
Result: (-0.01769349, -0.057626165, 0.5423465423465423)
0.004430063168207804