Config: 2 and True and 1000000
Result: (0.14066137, 0.31042573, 0.24456928520396012)
0.17594099971983168