Config: 2 and True and 1000000
Result: (-0.3113208, -0.31628394, 0.7481755860238832)
0.17590546336438923