Config: 9 and True and 1000000
Result: (-0.0702018, -0.46485862, 0.7738095238095238)
0.002852531803978814