Config: 2 and True and 1000000
Result: (-11.63377, -1.9958274, 0.999998582428923)
0.16925727585951486