Config: 9 and True and 1000000
Result: (0.303971, 1.5996222, 0.0010822510822510823)
0.002846656772825453