Config: 2 and True and 1000000
Result: (0.054818496, 0.12101914, 0.3942888896449268)
0.17429731249809263