Config: 7 and True and 1000000
Result: (0.25268784, 0.9317091, 0.0670995670995671)
0.002859526210361057