Config: 9 and True and 1000000
Result: (0.2635002, 1.5955893, 0.0021645021645021645)
0.002855581310060289