Config: 8 and True and 1000000
Result: (-0.01769352, -0.057626262, 0.5423465423465423)
0.004359733661015828