Config: 1 and True and 1000000
Result: (0.75693333, 1.4212078, 0.000105)
0.2755222322543462