Config: 6 and True and 1000000
Result: (0.35350418, 1.1408203, 0.016608391608391608)
0.0033129529158274335