Config: 8 and True and 1000000
Result: (-0.017693609, -0.057626564, 0.5423465423465423)
0.004380465149879455