Config: 7 and True and 1000000
Result: (0.24547815, 0.9088719, 0.06818181818181818)
0.0028641273578008017