Config: 8 and True and 1000000
Result: (1.4444739, 1.8288782, 0.0)
0.004411395125918918