Config: 9 and True and 1000000
Result: (0.29671907, 1.2121491, 0.01948051948051948)
0.002866930961608887