Config: 6 and True and 1000000
Result: (0.32476002, 1.1228901, 0.017191142191142192)
0.0031722937689887152