Config: 6 and True and 1000000
Result: (0.30210215, 1.0147879, 0.03350815850815851)
0.003365038302209642