Config: 8 and True and 1000000
Result: (1.4188249, 1.7885599, 0.0)
0.004447406199243334