Config: 2 and True and 1000000
Result: (0.7748851, 0.65220845, 0.0690116127422629)
0.18021226916048264