Config: 7 and True and 1000000
Result: (-1.7626076, -1.9441366, 0.9989177489177489)
0.002878205246395535