Config: 9 and True and 1000000
Result: (0.24133852, 1.1218002, 0.027056277056277056)
0.002943144308196174