Config: 2 and True and 1000000
Result: (0.21455565, 0.48294285, 0.13940535728461426)
0.17287814769479964