Config: 1 and True and 1000000
Result: (-12.191896, -1.9978516, 0.999999)
0.26407364990976123