Config: 9 and True and 1000000
Result: (-2.6603897, -1.9284921, 0.9989177489177489)
0.0028623431258731416