Config: 7 and True and 1000000
Result: (1.972845, 1.9290392, 0.0)
0.002879759271939596