Config: 8 and True and 1000000
Result: (-0.017693594, -0.057626493, 0.5423465423465423)
0.004459025926060147