Config: 1 and True and 1000000
Result: (14.904505, 1.9982877, 0.0)
0.2685177850060993