Config: 1 and True and 1000000
Result: (0.6978339, 1.3442645, 0.000238)
0.27545946054988435