Config: 6 and True and 1000000
Result: (0.3010233, 1.1573254, 0.01486013986013986)
0.003221882184346517