Config: 1 and True and 1000000
Result: (0.69057745, 1.3373784, 0.000241)
0.2610821216636234