Config: 6 and True and 1000000
Result: (0.3108211, 1.0288099, 0.030885780885780884)
0.0031544142961502076