Config: 9 and True and 1000000
Result: (0.08214359, 0.46171, 0.22727272727272727)
0.0028753854168785944