Config: 7 and True and 1000000
Result: (-1.704402, -1.9290873, 0.9989177489177489)
0.0028674843576219347