Config: 6 and True and 1000000
Result: (0.33429033, 1.1156543, 0.021270396270396272)
0.0031729821364084878