Config: 1 and True and 1000000
Result: (0.7413187, 1.414089, 0.000109)
0.2723605685101615