Config: 9 and True and 1000000
Result: (0.25280502, 1.2844309, 0.01406926406926407)
0.0028582449754079183