Config: 6 and True and 1000000
Result: (0.4017553, 1.4542948, 0.002331002331002331)
0.003166610466109382