Config: 1 and True and 1000000
Result: (0.7239239, 1.377032, 0.000168)
0.26927542196379767