Config: 9 and True and 1000000
Result: (0.28525272, 1.1743644, 0.024891774891774892)
0.0028623218006557888