Config: 2 and True and 1000000
Result: (0.09170088, 0.2105507, 0.32026899828757416)
0.1755560776260164