Config: 1 and True and 1000000
Result: (0.7907234, 1.4893844, 3.5e-05)
0.27447456929418773