Config: 7 and True and 1000000
Result: (0.23486048, 0.8402564, 0.08333333333333333)
0.002853573163350423