Config: 2 and True and 1000000
Result: (0.6474978, 0.55868095, 0.10292841833089511)
0.17652808116541968