Config: 7 and True and 1000000
Result: (0.17182228, 0.6163101, 0.1590909090909091)
0.002864713139004177