Config: 2 and True and 1000000
Result: (0.07589078, 0.16378772, 0.35782329125982376)
0.17575613657633463