Config: 2 and True and 1000000
Result: (0.1769257, 0.43749484, 0.16480681341362455)
0.17215296387672424