Config: 1 and True and 1000000
Result: (0.7410344, 1.3834295, 0.000149)
0.2725958012209998