Config: 6 and True and 1000000
Result: (0.29533955, 1.0060626, 0.03409090909090909)
0.003185489508840773