Config: 7 and True and 1000000
Result: (-0.23570387, -0.95073384, 0.9426406926406926)
0.002856876916355557