Config: 8 and True and 1000000
Result: (-0.017693534, -0.057626314, 0.5423465423465423)
0.0047309076786041255