Config: 9 and True and 1000000
Result: (0.43859458, 1.4747317, 0.004329004329004329)
0.002848639024628533