Config: 7 and True and 1000000
Result: (0.121831395, 0.4766834, 0.22727272727272727)
0.0028522024552027386