Config: 9 and True and 1000000
Result: (3.0949233, 1.9570305, 0.0)
0.002868648502561781