Config: 7 and True and 1000000
Result: (0.22765104, 0.81797534, 0.09199134199134198)
0.0029541383186976115