Config: 1 and True and 1000000
Result: (0.6929575, 1.3377997, 0.00026)
0.26635048766930897