Config: 1 and True and 1000000
Result: (2.398777, 1.7585512, 0.0)
0.28100172731611467