Config: 9 and True and 1000000
Result: (0.28101426, 1.4790868, 0.003246753246753247)
0.002861737608909607