Config: 8 and True and 1000000
Result: (-0.017693594, -0.05762651, 0.5423465423465423)
0.004429606729083591