Config: 8 and True and 1000000
Result: (0.5552751, 1.2597452, 0.0037296037296037296)
0.00449095282289717