Config: 9 and True and 1000000
Result: (0.3133602, 1.6865495, 0.0010822510822510823)
0.002856652405526903