Config: 8 and True and 1000000
Result: (-0.017693102, -0.05762487, 0.5423465423465423)
0.004556723965538872