Config: 7 and True and 1000000
Result: (0.18961293, 0.725366, 0.12554112554112554)
0.0028659364912245007