Config: 6 and True and 1000000
Result: (0.32884365, 1.1765047, 0.015442890442890442)
0.003241332769393921