Config: 8 and True and 1000000
Result: (-0.01769358, -0.05762646, 0.5423465423465423)
0.004614919225374857