Config: 1 and True and 1000000
Result: (0.6728947, 1.3344927, 0.000267)
0.27481679956118266