Config: 2 and True and 1000000
Result: (0.25218374, 0.58000815, 0.09521683167194003)
0.18112377391921147