Config: 7 and True and 1000000
Result: (0.12842932, 0.49643698, 0.21645021645021645)
0.002874234053823683