Config: 6 and True and 1000000
Result: (0.2757583, 1.0301268, 0.030885780885780884)
0.003239632315105862