Config: 1 and True and 1000000
Result: (0.6529924, 0.7471009, 0.035855)
0.27482381681601203