Config: 7 and True and 1000000
Result: (0.5684078, 1.3903913, 0.007575757575757576)
0.002925004959106445