Config: 2 and True and 1000000
Result: (0.20373479, 0.460332, 0.1510563739665907)
0.17917131377591028