Config: 9 and True and 1000000
Result: (0.1714848, 1.1668062, 0.023809523809523808)
0.002904085715611776