Config: 6 and True and 1000000
Result: (0.39085838, 1.2389127, 0.011655011655011656)
0.0031607243087556627