Config: 7 and True and 1000000
Result: (0.13774952, 0.5255023, 0.20454545454545456)
0.0028585018714269005