Config: 2 and True and 1000000
Result: (0.2340371, 0.5279924, 0.11733094047335534)
0.17357879552576275