Config: 6 and True and 1000000
Result: (0.35899273, 1.1990517, 0.014568764568764568)
0.0031639509068595037