Config: 8 and True and 1000000
Result: (-0.6770744, -1.5336269, 0.998912198912199)
0.00443275014559428