Config: 2 and True and 1000000
Result: (12.591561, 1.9943242, 0.0)
0.17403855409887103