Config: 2 and True and 1000000
Result: (-0.19642848, -0.18784411, 0.6551432313816214)
0.1783646077579922