Config: 1 and True and 1000000
Result: (0.70268613, 1.3683232, 0.000196)
0.2672576575146781