Config: 6 and True and 1000000
Result: (0.3093102, 1.0269512, 0.030885780885780884)
0.0031451070970959136