Config: 6 and True and 1000000
Result: (0.39085835, 1.2389126, 0.011655011655011656)
0.0031727161672380232