Config: 7 and True and 1000000
Result: (0.16461252, 0.5938848, 0.1699134199134199)
0.0028594344854354858