Config: 2 and True and 1000000
Result: (0.17739218, 0.40665495, 0.1822216740947391)
0.17415090223153432