Config: 1 and True and 1000000
Result: (0.73893833, 1.4137081, 0.000106)
0.2841698218716516