Config: 7 and True and 1000000
Result: (0.2361579, 0.88215566, 0.07467532467532467)
0.0028569416205088296