Config: 7 and True and 1000000
Result: (0.1598692, 0.5809159, 0.17316017316017315)
0.002849669853846232