Config: 9 and True and 1000000
Result: (0.29671562, 1.3532437, 0.00974025974025974)
0.0028597252236472236