Config: 7 and True and 1000000
Result: (-0.34747368, -1.2469182, 0.9891774891774892)
0.002875896427366469