Config: 7 and True and 1000000
Result: (0.15054905, 0.5532265, 0.18614718614718614)
0.002855475809839037