Config: 6 and True and 1000000
Result: (0.38049862, 1.1590277, 0.015734265734265736)
0.0031626178820927937