Config: 6 and True and 1000000
Result: (0.3254848, 1.0294735, 0.030594405594405596)
0.0031788669692145452