Config: 6 and True and 1000000
Result: (0.27050763, 0.9584697, 0.042540792540792544)
0.004606260855992635