Config: 2 and True and 1000000
Result: (0.2383813, 0.5752363, 0.09781665702718334)
0.1800215185350842