Config: 8 and True and 1000000
Result: (0.5541951, 1.2405399, 0.004506604506604507)
0.004422021706899007