Config: 7 and True and 1000000
Result: (0.16461247, 0.5938846, 0.1699134199134199)
0.002941281861729092