Config: 9 and True and 1000000
Result: (2.8999372, 1.9830164, 0.0)
0.0028980261087417605