Config: 1 and True and 1000000
Result: (0.83489734, 1.5716939, 9e-06)
0.27310312787691754