Config: 2 and True and 1000000
Result: (0.1623488, 0.3657226, 0.20704050851109676)
0.18223376188013288