Config: 1 and True and 100000
Result: (16.523632, 1.9975505, 0.0)
0.0726969987154007