Config: 1 and True and 100000
Result: (16.466171, 1.9982274, 0.0)
0.06735570218827988