Config: 8 and True and 100000
Result: (0.055754542, 0.23251875, 0.3373737373737374)
0.009975432621108163