Config: 2 and True and 1000000
Result: (0.27941817, 0.5102104, 0.12430397260118622)
0.17694514870643616