Config: 8 and True and 1000000
Result: (0.0626045, 0.25557393, 0.318026418026418)
0.004425894618034363