Config: 2 and True and 1000000
Result: (0.31538805, 0.5611719, 0.10164126379296658)
0.16957037932342953