Config: 2 and True and 1000000
Result: (0.43867588, 0.79124564, 0.03458873427913676)
0.17321904255284204