Config: 8 and True and 1000000
Result: (0.06260446, 0.25557378, 0.318026418026418)
0.004436953266461691