Config: 7 and True and 1000000
Result: (2.6200686, 1.9353532, 0.0)
0.0028546222050984697