Config: 1 and True and 1000000
Result: (16.32952, 1.997648, 0.0)
0.2669655172030131