Config: 8 and True and 1000000
Result: (0.0626044, 0.25557354, 0.318026418026418)
0.004451050360997518