Config: 7 and True and 1000000
Result: (0.24668056, 1.0353678, 0.04220779220779221)
0.002909930613305834