Config: 1 and True and 1000000
Result: (0.39547116, 0.9229999, 0.011988)
0.2688823884725571