Config: 1 and True and 1000000
Result: (0.5349334, 1.2389326, 0.000783)
0.26686885846985714