Config: 6 and True and 1000000
Result: (0.26306778, 0.62155795, 0.13956876456876458)
0.0033153121338950265