Config: 7 and True and 1000000
Result: (-2.0894074, -1.9161099, 0.9989177489177489)
0.002883269985516866