Config: 6 and True and 1000000
Result: (0.2506435, 0.62359536, 0.1343240093240093)
0.003149751822153727