Config: 1 and True and 1000000
Result: (-15.8213625, -1.9969912, 1.0)
0.268391690519121