Config: 6 and True and 1000000
Result: (0.3044451, 0.70085436, 0.10664335664335664)
0.0031721294588512848