Config: 1 and True and 100000
Result: (0.46457738, 1.0565553, 0.00466)
0.06943122062418197