Config: 8 and True and 1000000
Result: (0.06260438, 0.25557348, 0.318026418026418)
0.004520587656233046