Config: 7 and True and 1000000
Result: (0.20962125, 0.8390826, 0.08874458874458875)
0.0029070537620120578