Config: 1 and True and 1000000
Result: (0.48599225, 1.0868008, 0.003422)
0.26912255810366736