Config: 6 and True and 1000000
Result: (0.32186174, 0.78081065, 0.08071095571095571)
0.003158730069796244