Config: 2 and True and 1000000
Result: (1.6390717, 1.0656302, 0.00611540162623754)
0.17280479815271166