Config: 1 and True and 1000000
Result: (0.45344254, 1.0371761, 0.005139)
0.2663737020227644