Config: 8 and True and 1000000
Result: (1.9717945, 1.8329164, 0.0)
0.004376148382822673