Config: 7 and True and 1000000
Result: (0.13644075, 0.66877973, 0.14393939393939395)
0.002861358986960517