Config: 2 and True and 1000000
Result: (0.5244638, 0.9491566, 0.013554814638405969)
0.17674371706114875