Config: 8 and True and 1000000
Result: (0.06260432, 0.2555732, 0.318026418026418)
0.004398936364385817