Config: 8 and True and 1000000
Result: (0.06260443, 0.25557363, 0.318026418026418)
0.004373846915033129