Config: 9 and True and 1000000
Result: (0.65831417, 1.6748695, 0.0010822510822510823)
0.002861280573738946