Config: 1 and True and 1000000
Result: (16.393274, 1.9978017, 0.0)
0.2755651217036777