Config: 1 and True and 100000
Result: (0.32977003, 0.83646125, 0.02132)
0.0763594056500329