Config: 8 and True and 1000000
Result: (-0.7622887, -1.6000527, 0.9996891996891997)
0.004344229300816854