Config: 1 and True and 1000000
Result: (0.4157217, 0.9386842, 0.010889)
0.2667086758216222