Config: 2 and True and 1000000
Result: (0.4231463, 0.7337619, 0.046785515825763506)
0.16991187254587808