Config: 7 and True and 1000000
Result: (0.1086629, 0.55034804, 0.19264069264069264)
0.002860566775004069