Config: 1 and True and 1000000
Result: (1.3756512, 1.0749815, 0.003733)
0.26904616269800397