Config: 1 and True and 1000000
Result: (0.4949405, 1.1446564, 0.002041)
0.2793217296732797