Config: 9 and True and 1000000
Result: (3.58692, 1.9431115, 0.0)
0.0028604810767703585