Config: 9 and True and 1000000
Result: (-2.8849487, -1.969288, 0.9989177489177489)
0.0029026789797676937