Config: 6 and True and 1000000
Result: (0.32294768, 0.84103614, 0.06526806526806526)
0.0031736881203121613