Config: 2 and True and 1000000
Result: (14.693416, 1.9485424, 0.0)
0.1738755049308141