Config: 7 and True and 1000000
Result: (2.566536, 1.9361637, 0.0)
0.002858515845404731