Config: 8 and True and 1000000
Result: (0.0626045, 0.255574, 0.318026418026418)
0.0043995806243684555