Config: 9 and True and 1000000
Result: (0.56092864, 1.2323947, 0.021645021645021644)
0.0029391315248277453