Config: 7 and True and 1000000
Result: (0.69634324, 1.6857934, 0.0)
0.0028736139668358697