Config: 8 and True and 1000000
Result: (0.06260564, 0.25557825, 0.318026418026418)
0.004856225781970554