Config: 6 and True and 1000000
Result: (0.26846147, 0.6614607, 0.12062937062937062)
0.003165166907840305