Config: 1 and True and 100000
Result: (0.37841094, 0.8796914, 0.01653)
0.06768763999144237