Config: 9 and True and 1000000
Result: (0.48776844, 1.4711881, 0.004329004329004329)
0.0028527791632546318