Config: 2 and True and 1000000
Result: (0.49269253, 0.8396587, 0.026609226686626068)
0.16969811194472842