Config: 7 and True and 100000
Result: (0.18515965, 0.77399844, 0.10606060606060606)
0.006742485562960307