Config: 7 and True and 100000
Result: (0.19992864, 0.8454587, 0.08225108225108226)
0.006890628006723192