Config: 9 and True and 1000000
Result: (0.78364205, 1.5018613, 0.005411255411255411)
0.002846970756848653