Config: 9 and True and 1000000
Result: (0.820957, 1.3919755, 0.00974025974025974)
0.0028575627671347725