Config: 8 and True and 100000
Result: (0.055754513, 0.23251863, 0.3373737373737374)
0.009933512144618564