Config: 6 and True and 1000000
Result: (0.42450768, 1.0339812, 0.02972027972027972)
0.003250615530543857