Config: 7 and True and 1000000
Result: (0.19641781, 0.90445757, 0.07034632034632035)
0.0030899286270141602