Config: 8 and True and 100000
Result: (0.15114999, 0.5711093, 0.14327894327894328)
0.01722212857670254