Config: 9 and True and 1000000
Result: (0.5270655, 1.6120361, 0.0021645021645021645)
0.002868970566325718