Config: 6 and True and 1000000
Result: (0.3151753, 0.7598332, 0.08682983682983683)
0.003158889479107327