Config: 7 and True and 100000
Result: (0.32822895, 1.2286278, 0.009906759906759906)
0.013800800310240852