Config: 6 and True and 1000000
Result: (0.32949203, 0.8186616, 0.06876456876456877)
0.003147065175904168