Config: 6 and True and 1000000
Result: (0.32771188, 0.7326131, 0.09702797202797203)
0.003218653996785482