Config: 6 and True and 1000000
Result: (0.34664145, 0.8017301, 0.07692307692307693)
0.0031508411963780724