Config: 7 and True and 1000000
Result: (0.15296945, 0.67219675, 0.1461038961038961)
0.002874939309226142