Config: 7 and True and 1000000
Result: (0.21950363, 0.8831283, 0.07683982683982683)
0.002856165634261237