Config: 1 and True and 1000000
Result: (0.4934561, 1.1030539, 0.003064)
0.2639165453778373