Config: 2 and True and 1000000
Result: (0.8176807, 0.53335494, 0.11324408305832455)
0.1756012593375312