Config: 8 and True and 1000000
Result: (-0.73953676, -1.6149904, 0.9996891996891997)
0.004429191615846422