Config: 1 and True and 1000000
Result: (0.33710578, 0.8671803, 0.01764)
0.2700571237007777