Config: 2 and True and 1000000
Result: (0.4011224, 0.702233, 0.054336916953016026)
0.17574366377459633