Config: 2 and True and 1000000
Result: (-13.960145, -1.9958632, 0.999998582428923)
0.16960099087821112