Config: 7 and True and 1000000
Result: (0.21625823, 0.8645159, 0.08116883116883117)
0.0028750971290800306