Config: 8 and True and 100000
Result: (0.055754602, 0.23251902, 0.3373737373737374)
0.010488742921087478