Config: 9 and True and 1000000
Result: (0.55703926, 1.1825083, 0.023809523809523808)
0.002901599407196045