Config: 6 and True and 1000000
Result: (0.27417424, 0.6509506, 0.125)
0.003166008856561449