Config: 6 and True and 1000000
Result: (0.3277371, 0.7344021, 0.09644522144522144)
0.003250537912050883