Config: 7 and True and 1000000
Result: (0.21950358, 0.8831281, 0.07683982683982683)
0.002861929734547933