Config: 1 and True and 1000000
Result: (0.42503604, 0.99777114, 0.006946)
0.2769048113955392