Config: 1 and True and 1000000
Result: (0.3828361, 0.92003775, 0.012526)
0.2714928944243325