Config: 8 and True and 1000000
Result: (-1.8892148, -1.8198074, 0.9999222999223)
0.004459968937767876