Config: 6 and True and 1000000
Result: (0.276439, 0.64124817, 0.13053613053613053)
0.0031833346684773762