Config: 9 and True and 1000000
Result: (0.71285516, 1.6143857, 0.0021645021645021645)
0.0028541985485288834