Config: 7 and True and 1000000
Result: (0.13158007, 0.591072, 0.18398268398268397)
0.0029273784160614015