Config: 1 and True and 1000000
Result: (0.10931754, 0.13033982, 0.3797)
0.26368641846709784