Config: 6 and True and 1000000
Result: (0.28181824, 0.6612152, 0.1215034965034965)
0.0032135660118526883