Config: 8 and True and 1000000
Result: (-1.8263323, -1.7941182, 0.9999222999223)
0.0044438070721096465