Config: 8 and True and 1000000
Result: (0.713891, 1.5294839, 0.0003885003885003885)
0.004590990013546414