Config: 2 and True and 1000000
Result: (0.5184076, 0.9458241, 0.013832658569500675)
0.17250053796503279