Config: 7 and True and 1000000
Result: (0.21950361, 0.8831283, 0.07683982683982683)
0.0028806700309117633