Config: 2 and True and 1000000
Result: (0.62556905, 1.0902336, 0.004984179906780526)
0.17225704517629412