Config: 8 and True and 1000000
Result: (0.06260448, 0.25557387, 0.318026418026418)
0.004394560853640238