Config: 1 and True and 1000000
Result: (0.38802347, 0.9033645, 0.013914)
0.2720377928680844