Config: 9 and True and 1000000
Result: (-3.074235, -1.9412353, 0.9989177489177489)
0.0028635192579693266