Config: 8 and True and 1000000
Result: (0.06260441, 0.25557357, 0.318026418026418)
0.004430967966715495