Config: 9 and True and 1000000
Result: (0.40569973, 1.2719115, 0.010822510822510822)
0.0028753540913263958