Config: 7 and True and 1000000
Result: (0.16924042, 0.7458241, 0.12337662337662338)
0.0028531427515877616