Config: 9 and True and 1000000
Result: (3.6579745, 1.9669586, 0.0)
0.0028496830330954656