Config: 2 and True and 1000000
Result: (0.43971646, 0.7543861, 0.041979949874686714)
0.18126432842678494