Config: 7 and True and 1000000
Result: (-2.372723, -1.8904077, 0.9989177489177489)
0.002917835315068563