Config: 6 and True and 1000000
Result: (0.31168616, 0.707493, 0.10343822843822843)
0.003180994855033027