Config: 9 and True and 1000000
Result: (0.49251276, 1.6014473, 0.0021645021645021645)
0.002845476137267219