Config: 1 and True and 100000
Result: (0.43468928, 0.99995977, 0.00696)
0.06775268925560846