Config: 2 and True and 1000000
Result: (0.46249238, 0.44103995, 0.17113910341464522)
0.17392884764406416