Config: 6 and True and 1000000
Result: (0.28181827, 0.66121525, 0.1215034965034965)
0.003258817262119717