Config: 8 and True and 1000000
Result: (0.06260439, 0.25557345, 0.318026418026418)
0.004383656316333347