Config: 1 and True and 1000000
Result: (0.37782145, 0.89223325, 0.014826)
0.2757809989319907