Config: 2 and True and 1000000
Result: (-13.627285, -1.9972417, 0.999998582428923)
0.1770805099937651