Config: 8 and True and 100000
Result: (0.055754498, 0.23251858, 0.3373737373737374)
0.00993137068218655