Config: 8 and True and 1000000
Result: (0.06260443, 0.25557366, 0.318026418026418)
0.004413675798310174