Config: 7 and True and 1000000
Result: (0.7526361, 1.7207185, 0.0)
0.0028671964009602865