Config: 9 and True and 1000000
Result: (0.33055872, 1.1315583, 0.02813852813852814)
0.003005420764287313