Config: 1 and True and 1000000
Result: (0.51283276, 1.1757389, 0.001507)
0.2619492256641388