Config: 2 and True and 1000000
Result: (14.215288, 1.9481986, 0.0)
0.17747587323188782