Config: 1 and True and 1000000
Result: (0.38300687, 0.9006761, 0.014116)
0.2789261963632372