Config: 6 and True and 1000000
Result: (0.2972674, 0.6864827, 0.11363636363636363)
0.003218170271979438