Config: 6 and True and 1000000
Result: (0.36047405, 0.90872645, 0.05011655011655012)
0.0031523501210742526