Config: 1 and True and 100000
Result: (0.4604327, 1.0444134, 0.00492)
0.06932694322533077