Config: 7 and True and 1000000
Result: (0.1463232, 0.7195673, 0.1277056277056277)
0.0028632408380508422