Config: 2 and True and 1000000
Result: (0.3759365, 0.675896, 0.06169694598487168)
0.17057380345132614