Config: 2 and True and 1000000
Result: (0.5189326, 0.8841314, 0.020500912915773595)
0.17191904346148174