Config: 9 and True and 1000000
Result: (0.5883645, 1.2549952, 0.01948051948051948)
0.0028620866934458413