Config: 2 and True and 1000000
Result: (0.46958253, 0.80710447, 0.031753592125109156)
0.17287943959236146