Config: 9 and True and 1000000
Result: (0.48158178, 1.1219454, 0.032467532467532464)
0.0028774032990137735