Config: 8 and True and 1000000
Result: (0.062604465, 0.2555738, 0.318026418026418)
0.004409975078370836