Config: 6 and True and 1000000
Result: (0.36449093, 0.81068337, 0.07371794871794872)
0.003175937268469069