Config: 6 and True and 1000000
Result: (0.35133767, 0.83537036, 0.06585081585081586)
0.0031582717763053046