Config: 8 and True and 1000000
Result: (0.06260561, 0.25557813, 0.318026418026418)
0.004403577778074476