Config: 7 and True and 1000000
Result: (0.15935859, 0.69966894, 0.13744588744588745)
0.002955072654618157