Config: 2 and True and 1000000
Result: (0.52763236, 0.9067157, 0.017864230712527927)
0.17646816909313204