Config: 8 and True and 1000000
Result: (0.06260444, 0.2555737, 0.318026418026418)
0.004457748929659526