Config: 9 and True and 1000000
Result: (0.5629101, 1.5120326, 0.005411255411255411)
0.002858921421898736