Config: 9 and True and 1000000
Result: (0.06617552, 0.4044622, 0.2597402597402597)
0.0029008148113886514