Config: 7 and True and 100000
Result: (0.13151541, 0.7156263, 0.12554112554112554)
0.006689143578211467