Config: 8 and True and 1000000
Result: (0.062604375, 0.25557348, 0.318026418026418)
0.004369711014959548