Config: 6 and True and 1000000
Result: (0.35094234, 0.80241984, 0.07400932400932402)
0.0031594114171134098