Config: 6 and True and 1000000
Result: (0.29024988, 0.7214193, 0.09761072261072261)
0.003202734523349338