Config: 7 and True and 1000000
Result: (-0.44845653, -1.2100457, 0.974025974025974)
0.003166621261172825