Config: 1 and True and 1000000
Result: (0.35699105, 0.88104266, 0.016019)
0.2677542757325702