Config: 8 and True and 1000000
Result: (0.06260444, 0.25557372, 0.318026418026418)
0.004501689804924858