Config: 1 and True and 1000000
Result: (0.5466142, 1.2592459, 0.000594)
0.2690649179617564