Config: 1 and True and 1000000
Result: (0.33430922, 0.8557136, 0.018841)
0.26941536201371086