Config: 8 and True and 1000000
Result: (1.9043124, 1.8303741, 0.0)
0.0044836888048383925