Config: 9 and True and 1000000
Result: (0.61623657, 1.5865993, 0.0021645021645021645)
0.0028646530707677207