Config: 9 and True and 1000000
Result: (0.21990994, 0.99512684, 0.049783549783549784)
0.002883076866467794