Config: 7 and True and 100000
Result: (0.100498736, 0.5198561, 0.2012987012987013)
0.006734091109699673