Config: 7 and True and 1000000
Result: (0.15935796, 0.69966674, 0.13744588744588745)
0.0028599510590235394