Config: 2 and True and 1000000
Result: (0.5661585, 0.9915315, 0.010244786173578744)
0.17551845437950558