Config: 1 and True and 1000000
Result: (-0.12204772, -0.15866517, 0.645589)
0.26801227417257095