Config: 1 and True and 1000000
Result: (0.39547116, 0.9229999, 0.01204)
0.26724735928906335