Config: 7 and True and 1000000
Result: (0.18184322, 0.7375347, 0.11904761904761904)
0.0028580678833855524