Config: 2 and True and 1000000
Result: (0.5602089, 0.9457779, 0.014066557797207953)
0.17513244920306734