Config: 2 and True and 1000000
Result: (0.4126017, 0.76834035, 0.03906258859819231)
0.1703440091345045