Config: 9 and True and 1000000
Result: (0.5157836, 1.2762477, 0.015151515151515152)
0.002859652903344896