Config: 8 and True and 1000000
Result: (0.7338191, 1.4352392, 0.0006993006993006993)
0.0044621245066324864