Config: 1 and True and 100000
Result: (0.32421315, 0.82336587, 0.02228)
0.07291810499297248