Config: 9 and True and 1000000
Result: (0.33055806, 1.1315585, 0.02813852813852814)
0.0028428263796700373