Config: 9 and True and 1000000
Result: (0.25575474, 0.914428, 0.06385281385281386)
0.0029246728287802806