Config: 6 and True and 1000000
Result: (0.27152124, 0.6671631, 0.11888111888111888)
0.003148055540190803