Config: 6 and True and 1000000
Result: (0.2630678, 0.62155807, 0.13956876456876458)
0.0032141522566477457