Config: 7 and True and 100000
Result: (0.07523938, 0.39829955, 0.26515151515151514)
0.006890810396936204