Config: 1 and True and 1000000
Result: (1.3001034, 1.0491863, 0.004576)
0.2730491550763448