Config: 7 and True and 1000000
Result: (0.15935805, 0.699667, 0.13744588744588745)
0.00285766515466902