Config: 6 and True and 1000000
Result: (0.32449207, 0.730417, 0.09644522144522144)
0.0031410159667332968