Config: 9 and True and 1000000
Result: (0.21991012, 0.9951273, 0.049783549783549784)
0.0028538281387752956