Config: 9 and True and 1000000
Result: (0.6041027, 1.5833352, 0.0021645021645021645)
0.002906925876935323