Config: 7 and True and 1000000
Result: (-0.33078754, -1.2242508, 0.9783549783549783)
0.002880390882492065