Config: 7 and True and 1000000
Result: (0.13005227, 0.6387145, 0.15367965367965367)
0.002870489822493659