Config: 1 and True and 1000000
Result: (-15.860426, -1.9973096, 0.999999)
0.2726919689443376