Config: 2 and True and 1000000
Result: (0.5697409, 0.5607279, 0.10663961941051725)
0.16882264812787373