Config: 2 and True and 1000000
Result: (0.4985444, 0.85961866, 0.023646503135667223)
0.1752896006239785